284    200    257    252    173    286    268    255    198    191
281    233    275    225    167    333    280    258    259    191
245    223    211    258    157    266    265    291    218    239
175    200    219    114    107    269    175    184    241    183
143    97    142    100    73    165    137    139    153    126
207    238    223    197    127    225    272    209    188    172
258    287    260    231    160    293    300    271    253    206
143    197    187    110    105    224    146    165    190    163
204    230    273    176    159    266    256    173    161    130
218    232    197    213    123    255    244    212    201    172
