233    243    254    208    176    309    215    301    243    245
193    256    206    202    138    230    198    209    171    217
129    162    106    123    59    124    143    138    136    137
219    146    203    207    142    238    191    170    126    144
153    134    123    132    69    171    145    118    141    113
202    260    233    212    153    222    270    256    190    216
158    179    223    115    119    198    224    183    174    125
227    275    255    201    152    299    241    257    248    236
180    205    191    211    154    233    206    247    174    222
186    201    171    220    130    205    207    195    123    166
